180
152
159
171
178
169
212
213
214
222
228
215
228
240
248
220
224
201
212
218
217
225
218
255
256
260
261
262
263
254
255
261
270
248
252
258
259
243
242
240
233
241
250
256
258
256
258
261
263
274
262
248
265
266
276
279
273
274
273
275
280
281
282
284
285
286
289
294
310
313
318
327
342
346
358
378
386
391
377
378
381
378
377
369
372
375
368
377
354
319
314
337
338
351
356
361
345
346
337
338
339
365
370
368
383
384
399
416
417
422
427
431
434
438
439
440
438
437
439
444
446
449
461
489
483
466
471
472
474
478
476
481
482
483
485
510
512
519
525
539
562
576
583
587
607
605
601
616
615
630
635
638
643
644
642
652
662
661
687
683
682
701
710
712
721
722
719
726
734
729
728
752
754
758
765
764
765
766
781
790
798
799
801
802
801
802
830
831
832
844
858
850
847
846
853
854
853
859
855
856
858
848
880
859
866
867
865
868
878
877
878
883
894
900
909
912
896
897
885
886
885
893
901
903
900
896
904
912
914
905
904
912
925
924
935
949
950
947
949
950
946
948
947
946
944
941
974
982
981
1005
1006
1003
1019
1020
1019
1033
1034
1035
1046
1049
1043
1054
1060
1059
1062
1065
1066
1071
1078
1080
1081
1085
1090
1091
1094
1099
1117
1119
1120
1126
1128
1126
1143
1145
1140
1144
1137
1110
1121
1119
1120
1121
1125
1116
1118
1116
1105
1106
1107
1105
1098
1099
1124
1129
1139
1143
1144
1145
1148
1149
1155
1174
1175
1178
1174
1182
1183
1190
1192
1190
1191
1192
1201
1202
1197
1200
1201
1230
1232
1250
1251
1257
1274
1290
1320
1319
1326
1328
1349
1341
1345
1355
1353
1356
1359
1368
1370
1387
1385
1402
1413
1416
1417
1422
1421
1420
1413
1420
1421
1422
1416
1425
1431
1433
1434
1436
1434
1440
1458
1459
1464
1466
1475
1477
1500
1502
1504
1492
1491
1495
1497
1504
1519
1516
1523
1527
1528
1538
1543
1544
1548
1549
1556
1557
1566
1564
1565
1566
1572
1583
1580
1579
1599
1603
1615
1616
1615
1618
1622
1619
1630
1629
1630
1629
1632
1635
1636
1638
1635
1634
1646
1649
1651
1649
1650
1648
1659
1686
1696
1694
1699
1700
1709
1703
1702
1703
1712
1716
1717
1718
1705
1706
1709
1713
1725
1724
1750
1751
1754
1752
1745
1744
1750
1751
1763
1764
1762
1763
1769
1747
1746
1737
1735
1736
1735
1732
1733
1736
1737
1742
1748
1754
1755
1736
1742
1735
1737
1755
1764
1762
1778
1793
1815
1826
1830
1831
1836
1860
1858
1831
1832
1833
1832
1836
1850
1851
1863
1865
1867
1868
1875
1895
1894
1895
1901
1906
1938
1967
1960
1961
1963
1952
1958
1960
1962
1960
1962
1955
1963
1957
1956
1959
1960
1954
1955
1954
1986
1985
2013
2011
2012
2034
2038
2041
2043
2044
2045
2050
2051
2061
2059
2057
2064
2083
2079
2084
2075
2079
2082
2119
2139
2147
2151
2152
2148
2149
2152
2155
2161
2162
2185
2196
2200
2202
2213
2214
2215
2207
2204
2208
2209
2211
2205
2206
2235
2255
2261
2274
2275
2280
2281
2288
2299
2300
2301
2302
2290
2309
2323
2324
2329
2331
2330
2317
2318
2315
2302
2305
2311
2316
2321
2323
2332
2331
2350
2342
2351
2352
2356
2362
2393
2400
2401
2405
2421
2423
2445
2441
2449
2451
2454
2458
2466
2463
2471
2477
2478
2474
2473
2475
2473
2471
2472
2483
2486
2489
2502
2503
2504
2516
2520
2523
2527
2526
2530
2531
2532
2536
2528
2535
2542
2553
2556
2560
2564
2549
2542
2544
2580
2581
2576
2602
2601
2605
2629
2628
2629
2628
2629
2631
2632
2624
2623
2632
2641
